#H2N=C-NH2+
#aug-cc-pVDZ : 120 AOs, 114 MOs
#24 electrons (12a, 12b). 3 core MOs (6 frozen electrons)

# Nnode  seconds  (state 1)
 1  25856.5870
 4   6573.5378
 8   3641.5744
16   1770.0946
24   1185.2081
32    889.0981
48    607.3335


# Nnode  seconds  (state 2)
 4    6342.6707
 8    3456.9399
16    1659.1194
32     814.4089
48     548.1549


# Ndet     E(var)               E(var)+PT2       err(PT2)                   seconds     E(var)               E(var)+PT2       err(PT2)               seconds     %
   1000  -149.493834205695   -150.047221898510   2.861378611651110E-009      0.9625 -149.282738516971  -149.816160057891  5.891454610235970E-005      0.9764    2.0
   2000  -149.517108188369   -150.033452548131   4.406623765925382E-005      0.4538 -149.316222695173  -149.798729747430  1.462079677746826E-004      1.4536   10.2
   4000  -149.569121524523   -150.013497771518   6.295101772285549E-005      2.2674 -149.378018513642  -149.779903390798  1.624477899524952E-004      3.7047   10.5
   8000  -149.610316056097   -150.002053259374   1.722783059343849E-004      5.5529 -149.408217460587  -149.775325850002  1.542363015294380E-004      7.8206    6.8
  16000  -149.653690386390   -149.995505987080   2.790092646707527E-004     12.2520 -149.443536492918  -149.772466208549  2.060867196481326E-004     28.6528    4.1
  32000  -149.701975985349   -149.991290200174   2.428657122720369E-004     31.1251 -149.486755774076  -149.770750111341  2.267654602119813E-004     64.2219    2.4
  64000  -149.760166808328   -149.989521591947   1.770516448371595E-004    231.5510 -149.539740020932  -149.771022626189  1.981092235173430E-004    237.6147    5.4
 128000  -149.821694612355   -149.991703194804   1.562704760271924E-004    682.6450 -149.597162596084  -149.774161657656  1.614091972721315E-004    586.0595    4.5
 256000  -149.884469053646   -149.997175498513   1.121475139308134E-004   3334.2579 -149.657072237589  -149.779912909279  1.160010806090254E-004   2331.4756    5.9
 512000  -149.928716644748   -150.002077748137   7.316521553987892E-005  12390.3363 -149.700727026163  -149.785489975923  8.363175340392162E-005   9044.8345    6.1
1024000  -149.944559343075   -150.003989965553   5.929984753611666E-005  25856.5870 -149.723988923377  -149.793043961576  6.797511022129814E-005  24948.4862    3.1



